99999 99999 99999 427 668 495 377 678 99999 177 99999 99999 870 99999 869 624 300 609 131 99999 251 99999 99999 99999 856 221 514 99999 591 762 182 56 99999 884 412 273 636 99999 99999 774
99999 99999 262 99999 99999 508 472 799 99999 956 578 363 940 143 99999 162 122 910 99999 729 802 941 922 573 531 539 667 607 99999 920 99999 99999 315 649 937 99999 185 102 636 289
99999 262 99999 99999 926 99999 958 158 647 47 621 264 81 99999 402 813 649 386 252 391 264 637 349 99999 99999 99999 108 99999 727 225 578 699 99999 898 294 99999 575 168 432 833
427 99999 99999 99999 366 99999 99999 635 99999 32 962 468 893 854 718 427 448 916 258 99999 760 909 529 311 404 99999 99999 588 680 875 99999 615 99999 409 758 221 99999 99999 76 257
668 99999 926 366 99999 99999 99999 250 268 99999 503 944 99999 677 99999 727 793 457 981 191 99999 99999 99999 351 969 925 987 328 282 589 99999 873 477 99999 99999 19 450 99999 99999 99999
495 508 99999 99999 99999 99999 99999 765 711 819 305 302 926 99999 99999 582 99999 861 99999 683 293 99999 99999 66 99999 27 99999 99999 290 99999 786 99999 554 817 33 99999 54 506 386 381
377 472 958 99999 99999 99999 99999 99999 99999 120 42 99999 134 219 457 639 538 374 99999 99999 99999 966 99999 99999 99999 99999 99999 449 120 797 358 232 550 99999 305 997 662 744 686 239
678 799 158 635 250 765 99999 99999 99999 35 99999 106 385 652 160 99999 890 812 605 953 99999 99999 99999 79 99999 712 613 312 452 99999 978 900 99999 901 99999 99999 225 533 770 722
99999 99999 647 99999 268 711 99999 99999 99999 283 99999 172 99999 663 236 36 403 286 986 99999 99999 810 761 574 53 793 99999 99999 777 330 936 883 286 99999 174 99999 99999 99999 828 711
177 956 47 32 99999 819 120 35 283 99999 50 99999 565 36 767 684 344 489 565 99999 99999 103 810 463 733 665 494 644 863 25 385 99999 342 470 99999 99999 99999 730 582 468
99999 578 621 962 503 305 42 99999 99999 50 99999 155 519 99999 99999 256 990 801 154 53 474 650 402 99999 99999 99999 966 99999 99999 406 989 772 932 7 99999 823 391 99999 99999 933
99999 363 264 468 944 302 99999 106 172 99999 155 99999 99999 99999 380 438 99999 41 266 99999 99999 104 867 609 99999 270 861 99999 99999 165 99999 675 250 686 995 366 191 99999 433 99999
870 940 81 893 99999 926 134 385 99999 565 519 99999 99999 313 851 99999 99999 99999 248 220 99999 826 359 829 99999 234 198 145 409 68 359 99999 814 218 186 99999 99999 929 203 99999
99999 143 99999 854 677 99999 219 652 663 36 99999 99999 313 99999 132 99999 433 598 99999 99999 168 870 99999 99999 99999 128 437 99999 383 364 966 227 99999 99999 807 993 99999 99999 526 17
869 99999 402 718 99999 99999 457 160 236 767 99999 380 851 132 99999 99999 596 903 613 730 99999 261 99999 142 379 885 89 99999 848 258 112 99999 900 99999 99999 818 639 268 600 99999
624 162 813 427 727 582 639 99999 36 684 256 438 99999 99999 99999 99999 539 379 664 561 542 99999 999 585 99999 99999 321 398 99999 99999 950 68 193 99999 697 99999 390 588 848 99999
300 122 649 448 793 99999 538 890 403 344 990 99999 99999 433 596 539 99999 99999 73 99999 318 99999 99999 500 99999 968 99999 291 99999 99999 765 196 504 757 99999 542 99999 395 227 148
609 910 386 916 457 861 374 812 286 489 801 41 99999 598 903 379 99999 99999 99999 946 136 399 99999 941 707 156 757 258 251 99999 807 99999 99999 99999 461 501 99999 99999 616 99999
131 99999 252 258 981 99999 99999 605 986 565 154 266 248 99999 613 664 73 99999 99999 686 99999 99999 575 627 817 282 99999 698 398 222 99999 649 99999 99999 99999 99999 99999 654 99999 99999
99999 729 391 99999 191 683 99999 953 99999 99999 53 99999 220 99999 730 561 99999 946 686 99999 99999 389 729 553 304 703 455 857 260 99999 991 182 351 477 867 99999 99999 889 217 853
251 802 264 760 99999 293 99999 99999 99999 99999 474 99999 99999 168 99999 542 318 136 99999 99999 99999 99999 392 99999 99999 99999 267 407 27 651 80 927 99999 974 977 99999 99999 457 117 99999
99999 941 637 909 99999 99999 966 99999 810 103 650 104 826 870 261 99999 99999 399 99999 389 99999 99999 99999 202 99999 99999 99999 99999 867 140 403 962 785 99999 511 99999 1 99999 707 99999
99999 922 349 529 99999 99999 99999 99999 761 810 402 867 359 99999 99999 999 99999 99999 575 729 392 99999 99999 388 939 99999 959 99999 83 463 361 99999 99999 512 931 99999 224 690 369 99999
99999 573 99999 311 351 66 99999 79 574 463 99999 609 829 99999 142 585 500 941 627 553 99999 202 388 99999 164 829 99999 620 523 639 936 99999 99999 490 99999 695 99999 505 109 99999
856 531 99999 404 969 99999 99999 99999 53 733 99999 99999 99999 99999 379 99999 99999 707 817 304 99999 99999 939 164 99999 99999 616 716 728 99999 889 349 99999 963 150 447 99999 292 586 264
221 539 99999 99999 925 27 99999 712 793 665 99999 270 234 128 885 99999 968 156 282 703 99999 99999 99999 829 99999 99999 99999 822 99999 99999 99999 736 576 99999 697 946 443 99999 205 194
514 667 108 99999 987 99999 99999 613 99999 494 966 861 198 437 89 321 99999 757 99999 455 267 99999 959 99999 616 99999 99999 99999 349 156 339 99999 102 790 359 99999 439 938 809 260
99999 607 99999 588 328 99999 449 312 99999 644 99999 99999 145 99999 99999 398 291 258 698 857 407 99999 99999 620 716 822 99999 99999 293 486 943 99999 779 99999 6 880 116 775 99999 947
591 99999 727 680 282 290 120 452 777 863 99999 99999 409 383 848 99999 99999 251 398 260 27 867 83 523 728 99999 349 293 99999 212 684 505 341 384 9 992 507 48 99999 99999
762 920 225 875 589 99999 797 99999 330 25 406 165 68 364 258 99999 99999 99999 222 99999 651 140 463 639 99999 99999 156 486 212 99999 99999 349 723 99999 99999 186 99999 36 240 752
182 99999 578 99999 99999 786 358 978 936 385 989 99999 359 966 112 950 765 807 99999 991 80 403 361 936 889 99999 339 943 684 99999 99999 965 302 676 725 99999 327 134 99999 147
56 99999 699 615 873 99999 232 900 883 99999 772 675 99999 227 99999 68 196 99999 649 182 927 962 99999 99999 349 736 99999 99999 505 349 965 99999 474 178 833 99999 99999 555 853 99999
99999 315 99999 99999 477 554 550 99999 286 342 932 250 814 99999 900 193 504 99999 99999 351 99999 785 99999 99999 99999 576 102 779 341 723 302 474 99999 689 99999 99999 99999 451 99999 99999
884 649 898 409 99999 817 99999 901 99999 470 7 686 218 99999 99999 99999 757 99999 99999 477 974 99999 512 490 963 99999 790 99999 384 99999 676 178 689 99999 245 596 445 99999 99999 343
412 937 294 758 99999 33 305 99999 174 99999 99999 995 186 807 99999 697 99999 461 99999 867 977 511 931 99999 150 697 359 6 9 99999 725 833 99999 245 99999 949 99999 270 99999 112
273 99999 99999 221 19 99999 997 99999 99999 99999 823 366 99999 993 818 99999 542 501 99999 99999 99999 99999 99999 695 447 946 99999 880 992 186 99999 99999 99999 596 949 99999 91 99999 768 273
636 185 575 99999 450 54 662 225 99999 99999 391 191 99999 99999 639 390 99999 99999 99999 99999 99999 1 224 99999 99999 443 439 116 507 99999 327 99999 99999 445 99999 91 99999 248 99999 344
99999 102 168 99999 99999 506 744 533 99999 730 99999 99999 929 99999 268 588 395 99999 654 889 457 99999 690 505 292 99999 938 775 48 36 134 555 451 99999 270 99999 248 99999 371 680
99999 636 432 76 99999 386 686 770 828 582 99999 433 203 526 600 848 227 616 99999 217 117 707 369 109 586 205 809 99999 99999 240 99999 853 99999 99999 99999 768 99999 371 99999 540
774 289 833 257 99999 381 239 722 711 468 933 99999 99999 17 99999 99999 148 99999 99999 853 99999 99999 99999 99999 264 194 260 947 99999 752 147 99999 99999 343 112 273 344 680 540 99999
